0	2211.0833333333335	0.0	0.0	0.0
10	2250.733333333333	22.2	6063.0	9427.8
20	2306.472222222222	25.4	6327.4	10008.833333333334
30	2302.238888888889	25.3	6163.6	9573.566666666668
40	2388.494444444445	27.133333333333333	6086.666666666667	9569.066666666668
50	2443.7833333333333	25.433333333333334	6500.833333333333	10611.866666666667
60	2487.988888888889	16.533333333333335	5781.666666666667	9205.933333333332
70	2503.0500000000006	21.9	5965.4	9832.1
80	2479.766666666666	24.7	6094.533333333334	9958.3
90	2485.8333333333335	22.466666666666665	6159.333333333333	10058.0
100	2529.883333333333	18.966666666666665	5972.866666666667	10062.766666666666
110	2603.527777777778	18.166666666666668	6175.433333333333	10625.9
120	2590.8888888888887	21.633333333333333	5979.133333333333	10388.833333333334
130	2616.0555555555557	15.733333333333333	5775.3	9720.433333333332
140	2647.9	17.366666666666667	5985.666666666667	9921.4
150	2727.9499999999994	11.533333333333333	5639.9	9630.266666666666
160	2691.311111111111	12.733333333333333	5749.866666666667	9807.233333333334
170	2733.2277777777776	9.6	5966.133333333333	10132.433333333332
180	2783.2888888888892	8.866666666666667	5881.866666666667	10075.933333333332
190	2829.666666666667	7.766666666666667	5838.366666666667	9999.866666666667
200	2899.483333333333	7.233333333333333	5832.433333333333	9886.433333333332
210	2953.733333333333	6.766666666666667	6312.366666666667	10550.266666666666
220	3007.005555555555	6.9	6174.1	10312.033333333333
230	3103.755555555556	6.933333333333334	5826.233333333334	9796.266666666666
240	3202.188888888889	7.9	6465.833333333333	10675.533333333333
250	3289.755555555555	6.9	6688.1	10945.166666666666
260	3218.7	6.566666666666666	6026.4	9973.566666666668
270	3340.461111111112	7.7	6417.033333333334	10357.633333333333
280	3204.072222222223	6.9	6965.933333333333	11177.266666666666
290	3259.6000000000013	6.533333333333333	6449.1	10260.033333333333
300	3280.688888888889	6.1	6641.3	10435.466666666667
310	3417.8722222222223	7.6	6865.166666666667	10893.733333333334
320	3368.8888888888887	5.933333333333334	6702.9	10464.766666666666
330	3386.944444444445	5.833333333333333	6636.933333333333	10376.933333333332
340	3407.4555555555557	7.866666666666666	7207.566666666667	11116.733333333334
350	3378.794444444444	5.7	6624.7	10205.966666666667
360	3437.0833333333335	6.3	7023.566666666667	10829.4
370	3407.988888888888	5.666666666666667	7105.6	10898.533333333333
380	3456.611111111111	6.866666666666666	7001.033333333334	10792.233333333334
390	3381.0722222222216	7.9	7399.666666666667	11267.7
400	3492.2722222222214	6.233333333333333	7440.366666666667	11439.9
410	3590.983333333332	6.6	7183.866666666667	10874.133333333333
420	3572.316666666667	6.966666666666667	7024.1	10900.6
430	3570.5777777777776	6.633333333333334	7492.466666666666	11084.2
440	3541.3111111111125	7.433333333333334	7414.666666666667	10952.866666666667
450	3622.7777777777783	8.166666666666666	7401.666666666667	10787.866666666667
460	3654.122222222222	6.066666666666666	7303.266666666666	10851.0
470	3632.9611111111108	8.3	7602.9	11224.633333333333
480	3583.7166666666667	6.1	7434.2	10918.766666666666
490	3627.2055555555557	7.2	7299.066666666667	10786.7
500	3592.427777777778	6.933333333333334	7385.266666666666	10973.633333333333
510	3678.461111111112	7.466666666666667	7142.233333333334	10569.9
520	3732.2388888888886	7.966666666666667	7657.566666666667	11003.3
530	3675.955555555556	5.866666666666666	7065.133333333333	10283.633333333333
540	3751.872222222221	6.733333333333333	7657.533333333334	10989.266666666666
550	3679.5611111111116	7.466666666666667	7407.8	10591.0
560	3724.2222222222235	7.2	7522.8	10755.133333333333
570	3697.322222222222	7.133333333333334	7497.1	10677.866666666667
580	3803.5111111111114	6.966666666666667	7502.7	10671.8
590	3746.2166666666667	6.833333333333333	7755.733333333334	11125.633333333333
600	3752.2111111111103	7.333333333333333	7667.666666666667	11025.1
610	3742.155555555556	6.433333333333334	7115.1	10148.866666666667
620	3720.783333333334	6.5	7936.533333333334	11241.6
630	3723.8888888888882	7.333333333333333	7799.8	11041.4
640	3763.377777777777	7.6	7792.433333333333	10880.3
650	3830.4611111111108	6.266666666666667	7419.266666666666	10473.066666666668
660	3747.194444444445	7.8	7038.666666666667	10013.133333333333
670	3824.477777777778	6.866666666666666	7185.633333333333	10302.3
680	3796.0333333333333	7.366666666666666	7437.1	10515.4
690	3788.688888888889	5.9	7773.733333333334	10983.066666666668
700	3762.072222222222	7.133333333333334	7518.9	10503.8
710	3781.1	6.366666666666666	7671.1	10698.566666666668
720	3707.744444444445	7.133333333333334	7790.166666666667	10834.266666666666
730	3802.5666666666666	7.1	7368.1	10348.2
740	3852.8833333333337	7.3	7487.2	10394.333333333334
750	3795.7222222222213	6.966666666666667	7673.733333333334	10777.2
760	3807.116666666667	6.566666666666666	7472.2	10529.366666666667
770	3830.9222222222224	6.166666666666667	7322.7	10355.233333333334
780	3738.583333333334	8.2	7567.8	10587.933333333332
790	3779.872222222222	7.8	7905.9	10893.466666666667
800	3761.566666666667	7.433333333333334	7684.2	10617.466666666667
