0	2175.777777777778	0.0	0.0	0.0
10	2225.9722222222217	68.8	6272.866666666667	9862.2
20	2327.3	61.36666666666667	6142.033333333334	9389.566666666668
30	2330.4888888888895	57.36666666666667	6666.3	10781.333333333334
40	2398.9333333333334	64.93333333333334	6298.533333333334	9884.133333333333
50	2447.5222222222224	50.833333333333336	6368.2	10342.4
60	2471.305555555555	53.63333333333333	6149.9	10134.933333333332
70	2473.1666666666665	51.4	6396.133333333333	10618.966666666667
80	2458.005555555556	41.7	6156.833333333333	10419.2
90	2485.266666666667	49.63333333333333	6448.466666666666	10728.333333333334
100	2534.305555555556	38.9	6409.5	10694.166666666666
110	2623.277777777777	30.1	6127.4	10359.333333333334
120	2657.272222222222	31.933333333333334	6200.9	10242.466666666667
130	2707.0888888888885	35.766666666666666	6324.3	10718.966666666667
140	2745.477777777778	23.366666666666667	6087.333333333333	10215.466666666667
150	2745.5611111111116	21.1	6200.866666666667	10328.766666666666
160	2926.1333333333337	25.9	6495.533333333334	10799.733333333334
170	3026.7055555555557	18.733333333333334	6305.633333333333	10384.166666666666
180	3052.505555555556	18.166666666666668	6345.8	10521.6
190	3088.944444444444	16.133333333333333	6287.933333333333	10411.8
200	3056.2000000000003	16.2	6272.5	10164.766666666666
210	3157.611111111111	15.833333333333334	6588.4	10471.633333333333
220	3210.683333333334	15.1	6531.3	10449.766666666666
230	3211.011111111111	14.0	6324.833333333333	10128.5
240	3380.105555555555	14.666666666666666	6771.733333333334	10713.833333333334
250	3311.149999999999	15.5	6819.833333333333	11338.533333333333
260	3360.972222222222	16.866666666666667	6802.233333333334	11480.033333333333
270	3465.5000000000005	13.3	6543.233333333334	11112.033333333333
280	3543.522222222222	12.666666666666666	5523.3	10170.666666666666
290	3492.0111111111105	12.166666666666666	5863.766666666666	11153.866666666667
300	3524.961111111111	10.9	5013.6	10500.033333333333
310	3379.3000000000006	10.133333333333333	4844.866666666667	11020.566666666668
320	3538.616666666667	10.033333333333333	4997.6	11309.4
330	3517.8722222222227	8.666666666666666	4178.566666666667	10522.3
340	3610.0500000000006	7.566666666666666	4356.966666666666	11146.266666666666
350	3627.3444444444435	8.5	3845.366666666667	11025.9
360	3594.4166666666674	8.2	3868.1	10884.4
370	3508.888888888889	5.6	3095.6	10902.633333333333
380	3576.183333333333	5.333333333333333	2574.1666666666665	11268.433333333332
390	3545.4111111111106	5.033333333333333	2196.5666666666666	10604.933333333332
400	3669.5555555555557	3.1333333333333333	1660.3	10338.566666666668
410	3663.45	2.7	1487.9666666666667	10642.566666666668
420	3695.3555555555554	3.1333333333333333	1275.5	10560.366666666667
430	3608.5833333333326	2.5	1343.9666666666667	10564.5
440	3622.277777777778	1.2333333333333334	861.5	10434.0
450	3718.2944444444443	0.9666666666666667	645.2	10712.1
460	3638.1	0.3	142.86666666666667	10592.433333333332
470	3726.3500000000004	0.0	0.0	10018.1
480	3659.3333333333344	0.0	0.0	10530.433333333332
490	3627.427777777777	0.0	0.0	10245.766666666666
500	3722.588888888889	0.0	0.0	10504.766666666666
510	3699.6	0.0	0.0	10456.6
520	3696.05	0.0	0.0	10740.366666666667
530	3689.8055555555566	0.0	0.0	10214.7
540	3752.705555555555	0.0	0.0	10448.966666666667
550	3728.244444444445	0.0	0.0	10932.533333333333
560	3703.138888888889	0.0	0.0	10451.5
570	3732.016666666666	0.0	0.0	10655.4
580	3727.411111111111	0.0	0.0	11026.333333333334
590	3776.0833333333344	0.0	0.0	10354.233333333334
600	3708.3166666666666	0.0	0.0	10564.933333333332
610	3788.2611111111105	0.0	0.0	10529.4
620	3753.494444444444	0.0	0.0	10653.866666666667
630	3799.255555555556	0.0	0.0	10832.533333333333
640	3813.361111111111	0.0	0.0	10352.733333333334
650	3746.6666666666665	0.0	0.0	10850.4
660	3786.6611111111115	0.0	0.0	10758.666666666666
670	3790.783333333334	0.0	0.0	10409.033333333333
680	3820.3555555555563	0.0	0.0	10537.833333333334
690	3812.7166666666667	0.0	0.0	10991.9
700	3769.1333333333337	0.0	0.0	10404.266666666666
710	3766.5777777777776	0.0	0.0	10802.9
720	3746.2944444444443	0.0	0.0	10226.4
730	3764.8222222222225	0.0	0.0	10004.333333333334
740	3769.8388888888885	0.0	0.0	10440.333333333334
750	3722.055555555555	0.0	0.0	11075.233333333334
760	3739.433333333333	0.0	0.0	9988.5
770	3785.627777777778	0.0	0.0	10198.933333333332
780	3762.655555555556	0.0	0.0	10836.833333333334
790	3732.4166666666665	0.0	0.0	10360.9
800	3747.927777777778	0.0	0.0	10482.266666666666
